50
0 0 0
0 1 34
0 2 37
0 3 28
0 4 16
0 5 44
0 6 36
0 7 37
0 8 43
0 9 50
0 10 22
0 11 13
0 12 28
0 13 41
0 14 10
0 15 14
0 16 27
0 17 41
0 18 27
0 19 23
0 20 37
0 21 12
0 22 19
0 23 18
0 24 30
0 25 33
0 26 31
0 27 13
0 28 24
0 29 18
0 30 36
0 31 30
0 32 3
0 33 23
0 34 9
0 35 20
0 36 18
0 37 44
0 38 7
0 39 12
0 40 43
0 41 30
0 42 24
0 43 22
0 44 20
0 45 35
0 46 38
0 47 49
0 48 25
0 49 16
1 0 21
1 1 0
1 2 14
1 3 27
1 4 42
1 5 31
1 6 7
1 7 24
1 8 13
1 9 21
1 10 47
1 11 32
1 12 6
1 13 26
1 14 35
1 15 28
1 16 37
1 17 6
1 18 47
1 19 30
1 20 14
1 21 8
1 22 25
1 23 46
1 24 33
1 25 46
1 26 15
1 27 18
1 28 35
1 29 15
1 30 44
1 31 1
1 32 38
1 33 9
1 34 27
1 35 29
1 36 39
1 37 35
1 38 4
1 39 2
1 40 5
1 41 50
1 42 33
1 43 11
1 44 27
1 45 19
1 46 40
1 47 13
1 48 27
1 49 37
2 0 45
2 1 40
2 2 0
2 3 46
2 4 21
2 5 35
2 6 29
2 7 18
2 8 2
2 9 48
2 10 3
2 11 18
2 12 43
2 13 3
2 14 7
2 15 2
2 16 31
2 17 37
2 18 42
2 19 16
2 20 40
2 21 45
2 22 20
2 23 41
2 24 30
2 25 32
2 26 18
2 27 48
2 28 22
2 29 32
2 30 26
2 31 10
2 32 28
2 33 18
2 34 7
2 35 48
2 36 4
2 37 37
2 38 16
2 39 7
2 40 34
2 41 20
2 42 25
2 43 29
2 44 22
2 45 33
2 46 30
2 47 4
2 48 20
2 49 21
3 0 19
3 1 9
3 2 16
3 3 0
3 4 41
3 5 50
3 6 47
3 7 24
3 8 19
3 9 46
3 10 47
3 11 2
3 12 22
3 13 6
3 14 30
3 15 39
3 16 15
3 17 29
3 18 42
3 19 1
3 20 44
3 21 1
3 22 35
3 23 15
3 24 25
3 25 15
3 26 38
3 27 7
3 28 44
3 29 42
3 30 28
3 31 16
3 32 10
3 33 37
3 34 33
3 35 2
3 36 38
3 37 29
3 38 26
3 39 8
3 40 25
3 41 22
3 42 9
3 43 46
3 44 30
3 45 38
3 46 36
3 47 44
3 48 19
3 49 29
4 0 44
4 1 12
4 2 29
4 3 30
4 4 0
4 5 27
4 6 5
4 7 44
4 8 14
4 9 14
4 10 39
4 11 7
4 12 41
4 13 5
4 14 19
4 15 29
4 16 39
4 17 20
4 18 18
4 19 18
4 20 47
4 21 25
4 22 44
4 23 21
4 24 34
4 25 41
4 26 50
4 27 23
4 28 26
4 29 45
4 30 41
4 31 6
4 32 40
4 33 5
4 34 37
4 35 20
4 36 33
4 37 43
4 38 15
4 39 48
4 40 8
4 41 6
4 42 5
4 43 49
4 44 12
4 45 23
4 46 29
4 47 50
4 48 44
4 49 47
5 0 19
5 1 41
5 2 23
5 3 12
5 4 11
5 5 0
5 6 6
5 7 2
5 8 12
5 9 31
5 10 29
5 11 6
5 12 21
5 13 37
5 14 45
5 15 27
5 16 23
5 17 16
5 18 9
5 19 17
5 20 33
5 21 9
5 22 25
5 23 38
5 24 13
5 25 25
5 26 1
5 27 37
5 28 3
5 29 50
5 30 30
5 31 1
5 32 19
5 33 22
5 34 24
5 35 32
5 36 32
5 37 31
5 38 34
5 39 45
5 40 11
5 41 14
5 42 50
5 43 32
5 44 50
5 45 47
5 46 10
5 47 24
5 48 14
5 49 19
6 0 41
6 1 46
6 2 27
6 3 17
6 4 35
6 5 41
6 6 0
6 7 41
6 8 35
6 9 27
6 10 43
6 11 37
6 12 8
6 13 46
6 14 7
6 15 30
6 16 19
6 17 38
6 18 13
6 19 49
6 20 23
6 21 10
6 22 10
6 23 37
6 24 11
6 25 43
6 26 38
6 27 7
6 28 2
6 29 14
6 30 23
6 31 22
6 32 6
6 33 20
6 34 50
6 35 22
6 36 5
6 37 40
6 38 12
6 39 41
6 40 18
6 41 6
6 42 29
6 43 28
6 44 1
6 45 35
6 46 9
6 47 21
6 48 25
6 49 23
7 0 20
7 1 47
7 2 32
7 3 31
7 4 35
7 5 43
7 6 23
7 7 0
7 8 23
7 9 1
7 10 26
7 11 36
7 12 23
7 13 50
7 14 41
7 15 43
7 16 49
7 17 14
7 18 49
7 19 41
7 20 25
7 21 41
7 22 10
7 23 32
7 24 20
7 25 37
7 26 33
7 27 6
7 28 45
7 29 5
7 30 30
7 31 20
7 32 24
7 33 27
7 34 1
7 35 6
7 36 11
7 37 43
7 38 30
7 39 35
7 40 44
7 41 6
7 42 22
7 43 18
7 44 5
7 45 14
7 46 12
7 47 5
7 48 27
7 49 10
8 0 45
8 1 3
8 2 3
8 3 7
8 4 35
8 5 22
8 6 43
8 7 19
8 8 0
8 9 29
8 10 40
8 11 23
8 12 9
8 13 9
8 14 49
8 15 37
8 16 9
8 17 4
8 18 49
8 19 4
8 20 34
8 21 34
8 22 49
8 23 41
8 24 5
8 25 18
8 26 47
8 27 19
8 28 30
8 29 1
8 30 47
8 31 39
8 32 48
8 33 50
8 34 41
8 35 4
8 36 34
8 37 14
8 38 48
8 39 4
8 40 43
8 41 37
8 42 26
8 43 3
8 44 47
8 45 26
8 46 39
8 47 8
8 48 30
8 49 37
9 0 11
9 1 15
9 2 22
9 3 11
9 4 5
9 5 29
9 6 28
9 7 1
9 8 49
9 9 0
9 10 7
9 11 3
9 12 45
9 13 48
9 14 50
9 15 44
9 16 40
9 17 3
9 18 29
9 19 4
9 20 1
9 21 32
9 22 48
9 23 39
9 24 10
9 25 2
9 26 36
9 27 35
9 28 40
9 29 43
9 30 16
9 31 28
9 32 5
9 33 30
9 34 50
9 35 15
9 36 36
9 37 30
9 38 44
9 39 36
9 40 28
9 41 1
9 42 39
9 43 22
9 44 50
9 45 40
9 46 18
9 47 39
9 48 43
9 49 46
10 0 44
10 1 45
10 2 30
10 3 41
10 4 33
10 5 41
10 6 42
10 7 20
10 8 27
10 9 33
10 10 0
10 11 12
10 12 43
10 13 11
10 14 18
10 15 24
10 16 12
10 17 32
10 18 10
10 19 41
10 20 26
10 21 47
10 22 18
10 23 28
10 24 35
10 25 41
10 26 27
10 27 25
10 28 8
10 29 15
10 30 19
10 31 6
10 32 9
10 33 13
10 34 37
10 35 1
10 36 47
10 37 27
10 38 45
10 39 17
10 40 3
10 41 29
10 42 30
10 43 47
10 44 41
10 45 48
10 46 21
10 47 2
10 48 31
10 49 32
11 0 44
11 1 8
11 2 28
11 3 13
11 4 37
11 5 15
11 6 6
11 7 13
11 8 41
11 9 13
11 10 30
11 11 0
11 12 11
11 13 20
11 14 40
11 15 25
11 16 6
11 17 42
11 18 21
11 19 34
11 20 38
11 21 39
11 22 39
11 23 17
11 24 21
11 25 35
11 26 7
11 27 18
11 28 7
11 29 11
11 30 50
11 31 38
11 32 6
11 33 10
11 34 18
11 35 19
11 36 46
11 37 34
11 38 24
11 39 9
11 40 24
11 41 38
11 42 40
11 43 34
11 44 8
11 45 29
11 46 8
11 47 15
11 48 22
11 49 30
12 0 1
12 1 10
12 2 19
12 3 39
12 4 26
12 5 39
12 6 25
12 7 34
12 8 8
12 9 32
12 10 44
12 11 9
12 12 0
12 13 21
12 14 50
12 15 18
12 16 40
12 17 20
12 18 14
12 19 23
12 20 45
12 21 24
12 22 48
12 23 32
12 24 13
12 25 33
12 26 41
12 27 43
12 28 42
12 29 8
12 30 16
12 31 22
12 32 8
12 33 25
12 34 42
12 35 48
12 36 2
12 37 32
12 38 22
12 39 38
12 40 41
12 41 5
12 42 31
12 43 49
12 44 26
12 45 32
12 46 17
12 47 17
12 48 3
12 49 32
13 0 40
13 1 47
13 2 5
13 3 39
13 4 31
13 5 19
13 6 22
13 7 21
13 8 13
13 9 13
13 10 30
13 11 28
13 12 36
13 13 0
13 14 37
13 15 5
13 16 27
13 17 34
13 18 8
13 19 10
13 20 8
13 21 45
13 22 50
13 23 12
13 24 28
13 25 1
13 26 37
13 27 11
13 28 19
13 29 6
13 30 14
13 31 50
13 32 45
13 33 12
13 34 6
13 35 35
13 36 42
13 37 26
13 38 6
13 39 15
13 40 40
13 41 19
13 42 44
13 43 19
13 44 6
13 45 33
13 46 23
13 47 33
13 48 18
13 49 31
14 0 44
14 1 25
14 2 27
14 3 44
14 4 37
14 5 4
14 6 44
14 7 25
14 8 15
14 9 14
14 10 30
14 11 28
14 12 13
14 13 26
14 14 0
14 15 39
14 16 20
14 17 11
14 18 33
14 19 45
14 20 18
14 21 47
14 22 36
14 23 38
14 24 42
14 25 4
14 26 44
14 27 24
14 28 29
14 29 26
14 30 42
14 31 11
14 32 19
14 33 18
14 34 37
14 35 14
14 36 6
14 37 41
14 38 9
14 39 31
14 40 5
14 41 22
14 42 12
14 43 34
14 44 36
14 45 40
14 46 24
14 47 5
14 48 2
14 49 6
15 0 1
15 1 19
15 2 4
15 3 36
15 4 7
15 5 46
15 6 40
15 7 50
15 8 21
15 9 18
15 10 27
15 11 14
15 12 28
15 13 47
15 14 32
15 15 0
15 16 16
15 17 11
15 18 37
15 19 6
15 20 21
15 21 19
15 22 12
15 23 43
15 24 33
15 25 47
15 26 30
15 27 22
15 28 21
15 29 35
15 30 23
15 31 28
15 32 35
15 33 41
15 34 34
15 35 23
15 36 49
15 37 31
15 38 14
15 39 48
15 40 1
15 41 31
15 42 24
15 43 15
15 44 10
15 45 23
15 46 48
15 47 25
15 48 33
15 49 36
16 0 33
16 1 5
16 2 5
16 3 44
16 4 49
16 5 37
16 6 41
16 7 29
16 8 10
16 9 13
16 10 13
16 11 34
16 12 42
16 13 49
16 14 24
16 15 25
16 16 0
16 17 23
16 18 23
16 19 5
16 20 36
16 21 22
16 22 8
16 23 16
16 24 48
16 25 22
16 26 27
16 27 20
16 28 19
16 29 2
16 30 4
16 31 4
16 32 34
16 33 8
16 34 10
16 35 29
16 36 7
16 37 48
16 38 21
16 39 35
16 40 9
16 41 35
16 42 49
16 43 42
16 44 27
16 45 49
16 46 16
16 47 3
16 48 22
16 49 40
17 0 10
17 1 7
17 2 11
17 3 17
17 4 25
17 5 10
17 6 40
17 7 1
17 8 29
17 9 10
17 10 4
17 11 32
17 12 15
17 13 39
17 14 40
17 15 27
17 16 18
17 17 0
17 18 48
17 19 24
17 20 38
17 21 32
17 22 33
17 23 23
17 24 32
17 25 26
17 26 1
17 27 30
17 28 41
17 29 5
17 30 1
17 31 32
17 32 14
17 33 8
17 34 45
17 35 32
17 36 32
17 37 4
17 38 21
17 39 34
17 40 33
17 41 32
17 42 38
17 43 16
17 44 47
17 45 26
17 46 5
17 47 23
17 48 43
17 49 2
18 0 48
18 1 33
18 2 35
18 3 32
18 4 7
18 5 16
18 6 8
18 7 9
18 8 46
18 9 50
18 10 13
18 11 48
18 12 34
18 13 27
18 14 5
18 15 28
18 16 10
18 17 38
18 18 0
18 19 33
18 20 33
18 21 22
18 22 17
18 23 14
18 24 11
18 25 33
18 26 12
18 27 36
18 28 37
18 29 36
18 30 31
18 31 41
18 32 34
18 33 15
18 34 27
18 35 17
18 36 21
18 37 43
18 38 26
18 39 29
18 40 40
18 41 26
18 42 41
18 43 37
18 44 11
18 45 19
18 46 44
18 47 38
18 48 29
18 49 33
19 0 22
19 1 11
19 2 6
19 3 39
19 4 26
19 5 16
19 6 21
19 7 38
19 8 4
19 9 9
19 10 23
19 11 34
19 12 1
19 13 8
19 14 48
19 15 28
19 16 27
19 17 20
19 18 22
19 19 0
19 20 2
19 21 50
19 22 11
19 23 29
19 24 40
19 25 49
19 26 39
19 27 11
19 28 44
19 29 28
19 30 41
19 31 27
19 32 50
19 33 3
19 34 32
19 35 38
19 36 28
19 37 50
19 38 8
19 39 17
19 40 3
19 41 18
19 42 42
19 43 36
19 44 19
19 45 49
19 46 35
19 47 46
19 48 27
19 49 6
20 0 17
20 1 29
20 2 5
20 3 29
20 4 9
20 5 44
20 6 29
20 7 48
20 8 6
20 9 23
20 10 25
20 11 46
20 12 1
20 13 26
20 14 48
20 15 34
20 16 13
20 17 28
20 18 33
20 19 22
20 20 0
20 21 44
20 22 35
20 23 40
20 24 35
20 25 22
20 26 10
20 27 36
20 28 8
20 29 5
20 30 12
20 31 13
20 32 23
20 33 42
20 34 17
20 35 3
20 36 1
20 37 13
20 38 33
20 39 50
20 40 18
20 41 5
20 42 24
20 43 16
20 44 7
20 45 2
20 46 15
20 47 41
20 48 14
20 49 42
21 0 23
21 1 38
21 2 38
21 3 10
21 4 29
21 5 22
21 6 31
21 7 38
21 8 7
21 9 41
21 10 42
21 11 21
21 12 3
21 13 16
21 14 12
21 15 20
21 16 18
21 17 12
21 18 34
21 19 2
21 20 13
21 21 0
21 22 1
21 23 7
21 24 39
21 25 18
21 26 15
21 27 40
21 28 33
21 29 5
21 30 5
21 31 26
21 32 30
21 33 42
21 34 13
21 35 39
21 36 20
21 37 37
21 38 21
21 39 7
21 40 45
21 41 11
21 42 50
21 43 15
21 44 16
21 45 15
21 46 27
21 47 37
21 48 34
21 49 40
22 0 20
22 1 36
22 2 3
22 3 22
22 4 44
22 5 41
22 6 40
22 7 10
22 8 32
22 9 24
22 10 15
22 11 36
22 12 49
22 13 46
22 14 28
22 15 14
22 16 34
22 17 49
22 18 50
22 19 6
22 20 6
22 21 44
22 22 0
22 23 19
22 24 7
22 25 11
22 26 34
22 27 24
22 28 37
22 29 22
22 30 9
22 31 28
22 32 41
22 33 46
22 34 32
22 35 12
22 36 41
22 37 24
22 38 1
22 39 1
22 40 5
22 41 26
22 42 15
22 43 43
22 44 25
22 45 10
22 46 20
22 47 40
22 48 45
22 49 20
23 0 39
23 1 2
23 2 27
23 3 34
23 4 20
23 5 34
23 6 44
23 7 5
23 8 7
23 9 32
23 10 26
23 11 17
23 12 12
23 13 18
23 14 13
23 15 43
23 16 30
23 17 3
23 18 19
23 19 32
23 20 3
23 21 25
23 22 8
23 23 0
23 24 19
23 25 17
23 26 34
23 27 28
23 28 38
23 29 23
23 30 24
23 31 8
23 32 13
23 33 26
23 34 34
23 35 48
23 36 47
23 37 19
23 38 42
23 39 4
23 40 27
23 41 25
23 42 31
23 43 44
23 44 36
23 45 49
23 46 6
23 47 31
23 48 30
23 49 10
24 0 49
24 1 11
24 2 13
24 3 25
24 4 20
24 5 31
24 6 42
24 7 3
24 8 11
24 9 31
24 10 27
24 11 34
24 12 40
24 13 41
24 14 9
24 15 24
24 16 39
24 17 8
24 18 44
24 19 32
24 20 11
24 21 21
24 22 6
24 23 41
24 24 0
24 25 14
24 26 42
24 27 39
24 28 21
24 29 22
24 30 18
24 31 30
24 32 22
24 33 31
24 34 44
24 35 46
24 36 50
24 37 25
24 38 39
24 39 5
24 40 37
24 41 20
24 42 33
24 43 20
24 44 11
24 45 24
24 46 31
24 47 34
24 48 14
24 49 38
25 0 30
25 1 45
25 2 50
25 3 50
25 4 2
25 5 40
25 6 15
25 7 43
25 8 31
25 9 37
25 10 16
25 11 50
25 12 16
25 13 37
25 14 32
25 15 12
25 16 35
25 17 34
25 18 38
25 19 23
25 20 38
25 21 24
25 22 44
25 23 20
25 24 43
25 25 0
25 26 5
25 27 45
25 28 25
25 29 40
25 30 10
25 31 14
25 32 19
25 33 4
25 34 13
25 35 20
25 36 6
25 37 5
25 38 34
25 39 50
25 40 35
25 41 20
25 42 16
25 43 36
25 44 38
25 45 4
25 46 20
25 47 1
25 48 38
25 49 3
26 0 38
26 1 13
26 2 40
26 3 11
26 4 6
26 5 11
26 6 5
26 7 12
26 8 8
26 9 30
26 10 4
26 11 17
26 12 43
26 13 22
26 14 23
26 15 6
26 16 44
26 17 30
26 18 12
26 19 29
26 20 29
26 21 48
26 22 1
26 23 46
26 24 33
26 25 38
26 26 0
26 27 50
26 28 2
26 29 40
26 30 37
26 31 4
26 32 27
26 33 49
26 34 45
26 35 37
26 36 7
26 37 8
26 38 43
26 39 18
26 40 15
26 41 22
26 42 21
26 43 31
26 44 17
26 45 45
26 46 5
26 47 24
26 48 38
26 49 34
27 0 35
27 1 18
27 2 13
27 3 32
27 4 18
27 5 10
27 6 16
27 7 7
27 8 9
27 9 20
27 10 46
27 11 46
27 12 23
27 13 22
27 14 46
27 15 20
27 16 10
27 17 2
27 18 27
27 19 3
27 20 22
27 21 41
27 22 26
27 23 44
27 24 23
27 25 42
27 26 40
27 27 0
27 28 28
27 29 17
27 30 29
27 31 13
27 32 1
27 33 47
27 34 25
27 35 34
27 36 14
27 37 37
27 38 50
27 39 21
27 40 45
27 41 19
27 42 16
27 43 42
27 44 43
27 45 40
27 46 38
27 47 14
27 48 49
27 49 41
28 0 40
28 1 3
28 2 14
28 3 32
28 4 29
28 5 8
28 6 5
28 7 22
28 8 47
28 9 34
28 10 39
28 11 26
28 12 46
28 13 41
28 14 22
28 15 23
28 16 27
28 17 35
28 18 9
28 19 26
28 20 7
28 21 3
28 22 46
28 23 23
28 24 47
28 25 40
28 26 12
28 27 34
28 28 0
28 29 4
28 30 12
28 31 26
28 32 43
28 33 17
28 34 40
28 35 25
28 36 45
28 37 47
28 38 31
28 39 18
28 40 45
28 41 14
28 42 8
28 43 20
28 44 11
28 45 1
28 46 43
28 47 33
28 48 27
28 49 30
29 0 41
29 1 4
29 2 36
29 3 46
29 4 49
29 5 8
29 6 42
29 7 38
29 8 21
29 9 27
29 10 41
29 11 35
29 12 2
29 13 34
29 14 1
29 15 43
29 16 10
29 17 47
29 18 41
29 19 40
29 20 14
29 21 36
29 22 5
29 23 24
29 24 7
29 25 15
29 26 24
29 27 2
29 28 50
29 29 0
29 30 2
29 31 31
29 32 40
29 33 5
29 34 16
29 35 37
29 36 3
29 37 26
29 38 30
29 39 42
29 40 48
29 41 8
29 42 35
29 43 32
29 44 12
29 45 20
29 46 32
29 47 4
29 48 29
29 49 28
30 0 45
30 1 20
30 2 44
30 3 32
30 4 24
30 5 19
30 6 38
30 7 40
30 8 44
30 9 39
30 10 39
30 11 45
30 12 21
30 13 31
30 14 49
30 15 37
30 16 19
30 17 3
30 18 14
30 19 49
30 20 46
30 21 11
30 22 6
30 23 30
30 24 43
30 25 17
30 26 49
30 27 26
30 28 23
30 29 29
30 30 0
30 31 4
30 32 17
30 33 48
30 34 49
30 35 48
30 36 23
30 37 17
30 38 37
30 39 13
30 40 10
30 41 28
30 42 1
30 43 4
30 44 48
30 45 33
30 46 4
30 47 36
30 48 2
30 49 8
31 0 49
31 1 50
31 2 5
31 3 12
31 4 7
31 5 35
31 6 4
31 7 26
31 8 35
31 9 29
31 10 48
31 11 14
31 12 34
31 13 16
31 14 11
31 15 32
31 16 15
31 17 36
31 18 48
31 19 1
31 20 48
31 21 9
31 22 30
31 23 50
31 24 14
31 25 30
31 26 35
31 27 17
31 28 15
31 29 36
31 30 26
31 31 0
31 32 16
31 33 37
31 34 31
31 35 27
31 36 43
31 37 17
31 38 30
31 39 20
31 40 3
31 41 10
31 42 17
31 43 16
31 44 46
31 45 34
31 46 29
31 47 27
31 48 48
31 49 14
32 0 27
32 1 1
32 2 13
32 3 37
32 4 30
32 5 14
32 6 1
32 7 9
32 8 48
32 9 17
32 10 26
32 11 33
32 12 45
32 13 41
32 14 21
32 15 27
32 16 19
32 17 16
32 18 45
32 19 50
32 20 35
32 21 47
32 22 9
32 23 4
32 24 13
32 25 4
32 26 37
32 27 43
32 28 33
32 29 35
32 30 8
32 31 11
32 32 0
32 33 35
32 34 20
32 35 47
32 36 16
32 37 35
32 38 47
32 39 25
32 40 33
32 41 16
32 42 2
32 43 17
32 44 12
32 45 44
32 46 38
32 47 38
32 48 12
32 49 3
33 0 32
33 1 11
33 2 39
33 3 30
33 4 21
33 5 42
33 6 44
33 7 25
33 8 29
33 9 36
33 10 9
33 11 13
33 12 43
33 13 21
33 14 47
33 15 14
33 16 17
33 17 12
33 18 1
33 19 16
33 20 38
33 21 35
33 22 33
33 23 41
33 24 1
33 25 44
33 26 34
33 27 40
33 28 31
33 29 45
33 30 44
33 31 14
33 32 5
33 33 0
33 34 33
33 35 45
33 36 26
33 37 24
33 38 39
33 39 2
33 40 2
33 41 24
33 42 12
33 43 16
33 44 19
33 45 32
33 46 14
33 47 34
33 48 50
33 49 28
34 0 36
34 1 15
34 2 15
34 3 20
34 4 47
34 5 8
34 6 23
34 7 42
34 8 41
34 9 12
34 10 24
34 11 38
34 12 8
34 13 37
34 14 44
34 15 40
34 16 32
34 17 21
34 18 15
34 19 22
34 20 22
34 21 19
34 22 47
34 23 35
34 24 34
34 25 15
34 26 18
34 27 48
34 28 1
34 29 18
34 30 25
34 31 36
34 32 34
34 33 41
34 34 0
34 35 8
34 36 33
34 37 50
34 38 30
34 39 24
34 40 41
34 41 43
34 42 48
34 43 30
34 44 50
34 45 36
34 46 23
34 47 41
34 48 19
34 49 44
35 0 6
35 1 40
35 2 17
35 3 26
35 4 37
35 5 4
35 6 11
35 7 3
35 8 21
35 9 8
35 10 5
35 11 38
35 12 34
35 13 41
35 14 22
35 15 27
35 16 48
35 17 6
35 18 28
35 19 29
35 20 29
35 21 20
35 22 21
35 23 28
35 24 49
35 25 21
35 26 14
35 27 22
35 28 11
35 29 34
35 30 17
35 31 18
35 32 24
35 33 33
35 34 43
35 35 0
35 36 12
35 37 36
35 38 4
35 39 14
35 40 9
35 41 13
35 42 19
35 43 46
35 44 49
35 45 11
35 46 19
35 47 27
35 48 10
35 49 24
36 0 4
36 1 38
36 2 5
36 3 24
36 4 8
36 5 32
36 6 24
36 7 30
36 8 47
36 9 45
36 10 43
36 11 31
36 12 13
36 13 10
36 14 6
36 15 48
36 16 5
36 17 17
36 18 35
36 19 10
36 20 32
36 21 43
36 22 24
36 23 2
36 24 39
36 25 22
36 26 14
36 27 9
36 28 50
36 29 23
36 30 35
36 31 6
36 32 12
36 33 41
36 34 31
36 35 22
36 36 0
36 37 24
36 38 4
36 39 1
36 40 21
36 41 1
36 42 43
36 43 3
36 44 13
36 45 5
36 46 8
36 47 10
36 48 9
36 49 26
37 0 45
37 1 18
37 2 9
37 3 37
37 4 41
37 5 11
37 6 27
37 7 15
37 8 24
37 9 38
37 10 16
37 11 49
37 12 22
37 13 21
37 14 10
37 15 14
37 16 1
37 17 33
37 18 37
37 19 5
37 20 34
37 21 9
37 22 7
37 23 28
37 24 11
37 25 19
37 26 32
37 27 20
37 28 29
37 29 42
37 30 47
37 31 25
37 32 9
37 33 6
37 34 11
37 35 2
37 36 16
37 37 0
37 38 40
37 39 18
37 40 41
37 41 27
37 42 33
37 43 39
37 44 50
37 45 6
37 46 1
37 47 13
37 48 8
37 49 33
38 0 49
38 1 12
38 2 18
38 3 8
38 4 20
38 5 48
38 6 20
38 7 39
38 8 29
38 9 40
38 10 19
38 11 21
38 12 36
38 13 43
38 14 31
38 15 43
38 16 5
38 17 34
38 18 8
38 19 44
38 20 1
38 21 1
38 22 22
38 23 36
38 24 39
38 25 21
38 26 41
38 27 41
38 28 35
38 29 48
38 30 26
38 31 34
38 32 12
38 33 45
38 34 43
38 35 31
38 36 42
38 37 14
38 38 0
38 39 21
38 40 21
38 41 5
38 42 39
38 43 43
38 44 43
38 45 31
38 46 23
38 47 35
38 48 36
38 49 9
39 0 45
39 1 31
39 2 9
39 3 45
39 4 3
39 5 46
39 6 35
39 7 23
39 8 38
39 9 26
39 10 8
39 11 36
39 12 3
39 13 43
39 14 49
39 15 47
39 16 37
39 17 31
39 18 41
39 19 50
39 20 2
39 21 13
39 22 7
39 23 40
39 24 5
39 25 49
39 26 23
39 27 29
39 28 33
39 29 8
39 30 39
39 31 27
39 32 38
39 33 48
39 34 21
39 35 40
39 36 45
39 37 6
39 38 15
39 39 0
39 40 33
39 41 33
39 42 24
39 43 20
39 44 37
39 45 16
39 46 18
39 47 35
39 48 4
39 49 50
40 0 25
40 1 5
40 2 1
40 3 37
40 4 11
40 5 43
40 6 43
40 7 9
40 8 15
40 9 24
40 10 42
40 11 22
40 12 12
40 13 20
40 14 11
40 15 11
40 16 41
40 17 3
40 18 6
40 19 48
40 20 17
40 21 40
40 22 32
40 23 40
40 24 9
40 25 18
40 26 7
40 27 26
40 28 2
40 29 12
40 30 25
40 31 29
40 32 16
40 33 28
40 34 17
40 35 27
40 36 20
40 37 12
40 38 35
40 39 34
40 40 0
40 41 37
40 42 28
40 43 7
40 44 50
40 45 48
40 46 17
40 47 11
40 48 40
40 49 21
41 0 18
41 1 37
41 2 37
41 3 9
41 4 18
41 5 28
41 6 17
41 7 37
41 8 36
41 9 44
41 10 38
41 11 47
41 12 20
41 13 18
41 14 13
41 15 47
41 16 35
41 17 41
41 18 18
41 19 46
41 20 25
41 21 1
41 22 32
41 23 3
41 24 9
41 25 31
41 26 2
41 27 26
41 28 43
41 29 41
41 30 48
41 31 12
41 32 27
41 33 35
41 34 20
41 35 46
41 36 14
41 37 36
41 38 32
41 39 2
41 40 31
41 41 0
41 42 21
41 43 48
41 44 1
41 45 39
41 46 12
41 47 47
41 48 25
41 49 2
42 0 15
42 1 20
42 2 29
42 3 17
42 4 3
42 5 33
42 6 26
42 7 33
42 8 34
42 9 3
42 10 28
42 11 24
42 12 50
42 13 41
42 14 2
42 15 36
42 16 11
42 17 47
42 18 50
42 19 48
42 20 30
42 21 3
42 22 29
42 23 50
42 24 50
42 25 29
42 26 40
42 27 14
42 28 27
42 29 14
42 30 17
42 31 41
42 32 35
42 33 45
42 34 10
42 35 37
42 36 27
42 37 35
42 38 22
42 39 10
42 40 39
42 41 1
42 42 0
42 43 35
42 44 40
42 45 41
42 46 36
42 47 26
42 48 1
42 49 32
43 0 27
43 1 1
43 2 13
43 3 29
43 4 29
43 5 15
43 6 30
43 7 9
43 8 4
43 9 45
43 10 35
43 11 20
43 12 12
43 13 28
43 14 6
43 15 8
43 16 37
43 17 43
43 18 35
43 19 23
43 20 16
43 21 46
43 22 11
43 23 16
43 24 33
43 25 50
43 26 8
43 27 18
43 28 27
43 29 9
43 30 2
43 31 3
43 32 11
43 33 14
43 34 33
43 35 39
43 36 28
43 37 15
43 38 47
43 39 34
43 40 9
43 41 31
43 42 5
43 43 0
43 44 20
43 45 8
43 46 10
43 47 28
43 48 46
43 49 2
44 0 14
44 1 18
44 2 19
44 3 11
44 4 30
44 5 36
44 6 43
44 7 32
44 8 44
44 9 13
44 10 8
44 11 4
44 12 14
44 13 13
44 14 14
44 15 29
44 16 47
44 17 2
44 18 7
44 19 11
44 20 50
44 21 42
44 22 20
44 23 32
44 24 46
44 25 41
44 26 40
44 27 5
44 28 20
44 29 37
44 30 9
44 31 33
44 32 5
44 33 27
44 34 46
44 35 34
44 36 15
44 37 38
44 38 15
44 39 8
44 40 2
44 41 25
44 42 11
44 43 15
44 44 0
44 45 39
44 46 24
44 47 44
44 48 35
44 49 27
45 0 2
45 1 46
45 2 26
45 3 45
45 4 17
45 5 7
45 6 40
45 7 7
45 8 48
45 9 46
45 10 27
45 11 35
45 12 4
45 13 11
45 14 41
45 15 33
45 16 6
45 17 24
45 18 49
45 19 46
45 20 41
45 21 6
45 22 47
45 23 17
45 24 18
45 25 14
45 26 5
45 27 41
45 28 9
45 29 41
45 30 19
45 31 12
45 32 36
45 33 44
45 34 6
45 35 2
45 36 2
45 37 45
45 38 11
45 39 2
45 40 42
45 41 39
45 42 36
45 43 48
45 44 49
45 45 0
45 46 26
45 47 32
45 48 7
45 49 1
46 0 30
46 1 2
46 2 43
46 3 35
46 4 50
46 5 11
46 6 2
46 7 15
46 8 15
46 9 44
46 10 23
46 11 6
46 12 12
46 13 34
46 14 43
46 15 7
46 16 41
46 17 47
46 18 10
46 19 37
46 20 9
46 21 11
46 22 29
46 23 47
46 24 48
46 25 26
46 26 45
46 27 25
46 28 7
46 29 1
46 30 26
46 31 36
46 32 4
46 33 20
46 34 22
46 35 6
46 36 31
46 37 25
46 38 20
46 39 47
46 40 18
46 41 45
46 42 4
46 43 31
46 44 30
46 45 47
46 46 0
46 47 37
46 48 21
46 49 45
47 0 46
47 1 9
47 2 3
47 3 9
47 4 37
47 5 49
47 6 6
47 7 14
47 8 45
47 9 31
47 10 22
47 11 48
47 12 8
47 13 9
47 14 1
47 15 29
47 16 30
47 17 8
47 18 9
47 19 4
47 20 30
47 21 8
47 22 23
47 23 26
47 24 11
47 25 3
47 26 5
47 27 9
47 28 41
47 29 27
47 30 3
47 31 37
47 32 36
47 33 7
47 34 47
47 35 24
47 36 5
47 37 2
47 38 38
47 39 2
47 40 34
47 41 11
47 42 49
47 43 43
47 44 20
47 45 1
47 46 22
47 47 0
47 48 1
47 49 9
48 0 32
48 1 7
48 2 38
48 3 39
48 4 29
48 5 13
48 6 2
48 7 34
48 8 19
48 9 10
48 10 24
48 11 46
48 12 15
48 13 12
48 14 33
48 15 23
48 16 8
48 17 8
48 18 30
48 19 12
48 20 45
48 21 31
48 22 45
48 23 8
48 24 29
48 25 38
48 26 27
48 27 29
48 28 11
48 29 29
48 30 37
48 31 42
48 32 35
48 33 26
48 34 33
48 35 16
48 36 40
48 37 34
48 38 49
48 39 9
48 40 45
48 41 24
48 42 6
48 43 11
48 44 36
48 45 40
48 46 34
48 47 45
48 48 0
48 49 47
49 0 13
49 1 6
49 2 44
49 3 43
49 4 1
49 5 1
49 6 21
49 7 40
49 8 29
49 9 1
49 10 50
49 11 7
49 12 38
49 13 43
49 14 42
49 15 15
49 16 25
49 17 9
49 18 5
49 19 10
49 20 9
49 21 15
49 22 5
49 23 32
49 24 20
49 25 17
49 26 19
49 27 11
49 28 50
49 29 14
49 30 7
49 31 14
49 32 19
49 33 50
49 34 6
49 35 21
49 36 2
49 37 28
49 38 12
49 39 30
49 40 29
49 41 13
49 42 37
49 43 18
49 44 6
49 45 30
49 46 34
49 47 30
49 48 40
49 49 0
