50
0 0 0
0 1 37
0 2 16
0 3 36
0 4 43
0 5 22
0 6 28
0 7 10
0 8 27
0 9 27
0 10 37
0 12 18
0 14 31
0 15 24
0 16 36
0 20 20
0 21 44
0 22 12
0 23 30
0 24 22
0 26 38
0 27 25
0 29 14
0 31 31
0 32 24
0 33 21
0 34 32
0 37 28
0 38 6
0 39 30
0 41 25
0 42 33
0 43 15
0 44 35
0 45 44
0 46 38
0 48 29
0 49 35
1 1 0
1 2 5
1 3 33
1 4 27
1 5 40
1 8 45
1 9 46
1 10 35
1 11 18
1 13 3
1 15 3
1 16 2
1 17 37
1 18 16
1 19 45
1 21 30
1 22 18
1 23 22
1 24 26
1 27 7
1 28 4
1 29 16
1 31 20
1 34 33
1 38 19
1 41 50
1 42 24
1 44 47
1 45 22
1 46 30
1 47 15
1 49 1
2 0 1
2 1 15
2 2 0
2 5 7
2 6 42
2 8 10
2 9 33
2 10 38
2 12 8
2 13 22
2 14 46
2 16 36
2 17 19
2 19 12
2 22 5
2 23 14
2 25 7
2 26 5
2 29 20
2 32 25
2 33 21
2 34 41
2 35 23
2 37 41
2 39 5
2 40 20
2 41 43
2 42 48
2 44 5
2 45 12
2 48 44
2 49 19
3 0 23
3 3 0
3 6 31
3 7 6
3 9 45
3 12 9
3 14 9
3 16 13
3 19 3
3 20 30
3 21 19
3 22 24
3 23 32
3 25 45
3 26 14
3 27 32
3 28 47
3 29 24
3 31 41
3 32 27
3 33 35
3 34 41
3 35 27
3 36 37
3 38 7
3 39 19
3 40 13
3 41 23
3 42 10
3 43 11
3 44 38
3 48 22
3 49 20
4 0 22
4 2 12
4 3 18
4 4 0
4 8 35
4 9 21
4 12 47
4 13 31
4 14 43
4 15 23
4 16 26
4 17 23
4 18 41
4 19 49
4 21 41
4 23 10
4 24 20
4 25 33
4 26 45
4 28 20
4 29 27
4 30 6
4 31 43
4 32 35
4 33 6
4 35 5
4 37 5
4 39 45
4 43 22
4 44 19
4 46 23
4 48 49
4 49 9
5 0 49
5 2 34
5 3 41
5 4 18
5 5 0
5 6 19
5 9 39
5 10 50
5 11 4
5 12 14
5 13 4
5 14 37
5 16 47
5 17 39
5 18 30
5 19 11
5 22 5
5 25 49
5 26 3
5 27 48
5 28 44
5 29 3
5 33 48
5 34 10
5 35 36
5 36 40
5 37 16
5 41 15
5 42 30
5 43 36
5 44 1
5 45 22
5 46 40
5 47 39
5 48 46
5 49 45
6 1 33
6 2 42
6 3 27
6 4 12
6 5 11
6 6 0
6 9 32
6 11 26
6 12 18
6 13 35
6 14 27
6 16 15
6 17 6
6 18 13
6 19 1
6 20 27
6 21 17
6 22 29
6 24 41
6 25 21
6 26 31
6 27 44
6 28 28
6 30 15
6 31 13
6 32 13
6 33 11
6 34 40
6 35 6
6 36 21
6 37 38
6 38 39
6 39 21
6 40 7
6 43 50
6 44 6
6 45 18
6 47 34
6 48 9
6 49 38
7 0 34
7 2 8
7 4 30
7 6 19
7 7 0
7 8 26
7 9 25
7 10 8
7 11 44
7 12 21
7 13 18
7 14 20
7 15 23
7 16 24
7 17 32
7 18 33
7 19 43
7 20 8
7 23 25
7 24 48
7 25 32
7 27 41
7 28 31
7 29 26
7 30 17
7 33 40
7 34 5
7 35 31
7 38 13
7 40 28
7 41 37
7 43 34
7 45 8
7 46 50
7 49 37
8 0 19
8 2 50
8 3 12
8 5 42
8 6 6
8 8 0
8 9 19
8 10 19
8 12 23
8 13 18
8 15 25
8 17 37
8 18 44
8 19 15
8 21 28
8 22 26
8 23 20
8 25 45
8 27 36
8 28 42
8 29 44
8 30 29
8 32 11
8 35 14
8 36 41
8 37 31
8 39 12
8 40 36
8 41 24
8 43 6
8 44 19
8 46 7
8 47 40
8 48 21
8 49 27
9 0 28
9 1 32
9 2 11
9 3 6
9 4 19
9 6 33
9 7 30
9 9 0
9 10 35
9 11 28
9 12 41
9 13 23
9 14 31
9 15 48
9 16 31
9 17 15
9 18 23
9 19 25
9 20 36
9 21 5
9 22 44
9 23 37
9 24 29
9 25 13
9 26 34
9 27 49
9 30 23
9 31 36
9 33 16
9 34 22
9 35 20
9 39 34
9 41 29
9 43 21
9 44 9
9 45 49
9 46 27
9 47 16
9 48 22
9 49 10
10 5 1
10 6 10
10 7 32
10 9 40
10 10 0
10 12 48
10 14 32
10 15 23
10 16 26
10 17 30
10 18 5
10 19 32
10 21 45
10 22 32
10 25 33
10 26 38
10 28 26
10 31 2
10 32 33
10 33 32
10 36 9
10 37 50
10 38 48
10 39 27
10 40 28
10 42 33
10 43 22
10 44 14
10 45 33
10 47 37
10 48 31
10 49 34
11 1 17
11 3 26
11 5 26
11 6 37
11 7 19
11 8 38
11 10 22
11 11 0
11 13 39
11 16 38
11 17 9
11 19 1
11 20 48
11 23 22
11 24 50
11 27 49
11 28 11
11 29 28
11 30 27
11 31 3
11 32 38
11 33 50
11 34 17
11 35 18
11 36 36
11 37 49
11 38 46
11 39 6
11 40 29
11 41 29
11 43 29
11 44 6
11 45 25
11 46 1
11 48 34
12 1 22
12 2 35
12 3 35
12 5 36
12 6 5
12 7 13
12 8 42
12 10 1
12 11 33
12 12 0
12 13 18
12 14 24
12 17 15
12 18 14
12 19 23
12 20 38
12 21 29
12 22 31
12 23 7
12 24 42
12 25 3
12 26 12
12 27 18
12 28 34
12 29 13
12 32 18
12 33 40
12 34 5
12 36 30
12 37 13
12 38 20
12 39 21
12 40 45
12 41 50
12 43 15
12 45 34
12 46 20
12 47 3
12 49 41
13 0 10
13 1 24
13 2 36
13 3 46
13 4 14
13 5 49
13 6 6
13 7 44
13 8 7
13 9 34
13 11 22
13 12 28
13 13 0
13 14 46
13 15 12
13 16 24
13 17 1
13 18 26
13 19 43
13 21 20
13 22 45
13 23 39
13 24 27
13 25 20
13 26 44
13 28 32
13 29 17
13 31 13
13 32 30
13 34 32
13 36 8
13 39 28
13 40 23
13 41 8
13 42 26
13 43 48
13 44 19
13 45 4
13 47 31
13 48 36
13 49 6
14 2 49
14 3 13
14 6 42
14 9 27
14 10 40
14 11 9
14 13 8
14 14 0
14 15 32
14 19 14
14 20 39
14 21 22
14 22 30
14 23 31
14 24 46
14 25 25
14 26 5
14 27 20
14 28 20
14 30 31
14 31 14
14 32 30
14 33 50
14 34 2
14 35 15
14 36 31
14 37 16
14 38 16
14 39 32
14 41 34
14 42 23
14 43 24
14 44 20
14 45 5
14 46 25
14 47 10
14 48 19
14 49 13
15 0 6
15 2 50
15 3 20
15 5 38
15 6 20
15 7 38
15 9 13
15 10 11
15 12 5
15 14 30
15 15 0
15 18 22
15 21 30
15 22 29
15 23 48
15 25 33
15 26 50
15 27 40
15 28 4
15 30 45
15 31 7
15 33 18
15 34 22
15 36 17
15 37 5
15 39 34
15 40 18
15 42 18
15 44 7
15 46 46
15 47 23
15 48 46
15 49 10
16 1 3
16 2 41
16 4 23
16 5 40
16 7 29
16 9 47
16 11 14
16 12 50
16 13 45
16 14 16
16 15 43
16 16 0
16 17 38
16 18 49
16 19 40
16 22 29
16 23 5
16 24 47
16 25 39
16 27 41
16 29 27
16 30 9
16 32 3
16 33 23
16 34 40
16 36 4
16 37 26
16 38 17
16 39 25
16 40 47
16 42 45
16 44 20
16 45 1
16 46 33
16 47 30
16 48 4
16 49 46
17 0 8
17 1 38
17 2 27
17 3 35
17 5 1
17 6 10
17 7 41
17 8 14
17 9 5
17 10 7
17 11 24
17 12 50
17 13 31
17 14 5
17 15 37
17 17 0
17 19 42
17 20 8
17 21 32
17 22 20
17 23 4
17 26 20
17 27 32
17 29 38
17 30 44
17 31 39
17 32 21
17 33 49
17 34 19
17 35 14
17 36 46
17 39 43
17 40 49
17 42 29
17 43 17
17 44 49
17 45 23
17 47 13
17 48 28
18 0 48
18 1 4
18 2 2
18 4 50
18 5 12
18 7 4
18 9 29
18 10 14
18 11 16
18 12 32
18 14 48
18 16 9
18 18 0
18 19 14
18 20 35
18 23 26
18 24 37
18 27 17
18 29 3
18 31 16
18 32 34
18 34 48
18 38 37
18 40 1
18 42 17
18 43 33
18 44 41
18 48 45
18 49 35
19 0 9
19 1 13
19 3 43
19 4 35
19 7 20
19 8 16
19 9 47
19 11 16
19 12 17
19 13 44
19 14 38
19 15 3
19 16 11
19 17 30
19 19 0
19 20 44
19 23 9
19 24 43
19 25 47
19 26 17
19 30 35
19 31 41
19 32 44
19 33 40
19 34 45
19 35 14
19 36 33
19 37 26
19 39 2
19 40 24
19 42 19
19 43 14
19 44 50
19 45 36
19 47 20
19 48 8
19 49 42
20 0 12
20 2 8
20 3 44
20 4 32
20 7 22
20 9 35
20 10 15
20 11 48
20 13 25
20 14 34
20 15 8
20 16 50
20 19 43
20 20 0
20 21 30
20 22 36
20 24 19
20 25 6
20 26 17
20 28 4
20 29 3
20 31 5
20 32 34
20 33 22
20 35 6
20 37 29
20 38 21
20 40 21
20 41 22
20 42 34
20 44 24
20 45 43
20 47 4
20 48 9
20 49 19
21 0 49
21 1 19
21 2 10
21 3 4
21 4 5
21 5 8
21 6 24
21 8 45
21 9 31
21 12 48
21 13 17
21 14 10
21 15 43
21 16 2
21 17 22
21 19 50
21 21 0
21 22 6
21 23 41
21 24 22
21 30 3
21 34 9
21 36 18
21 37 37
21 38 11
21 41 38
21 42 49
21 46 1
21 47 37
21 49 9
22 0 28
22 2 32
22 3 29
22 4 47
22 5 9
22 9 40
22 10 41
22 12 39
22 13 6
22 15 8
22 16 49
22 17 18
22 19 48
22 20 39
22 22 0
22 23 19
22 24 36
22 25 31
22 26 5
22 27 8
22 28 1
22 29 22
22 30 39
22 32 41
22 33 48
22 35 12
22 36 43
22 38 14
22 41 39
22 42 43
22 45 36
22 47 31
22 49 3
23 0 35
23 2 26
23 3 36
23 5 49
23 6 37
23 8 50
23 9 13
23 10 40
23 11 49
23 12 29
23 13 8
23 14 27
23 15 48
23 17 45
23 20 33
23 22 37
23 23 0
23 26 4
23 27 25
23 28 1
23 29 11
23 30 43
23 31 15
23 33 22
23 35 11
23 36 41
23 38 48
23 40 32
23 41 9
23 44 2
23 46 29
23 47 28
23 48 27
23 49 12
24 0 34
24 1 28
24 3 48
24 5 40
24 6 18
24 7 37
24 9 28
24 10 37
24 11 44
24 12 47
24 14 13
24 15 35
24 16 18
24 17 25
24 18 32
24 22 26
24 23 41
24 24 0
24 25 12
24 26 35
24 27 46
24 28 36
24 29 2
24 30 21
24 31 1
24 32 12
24 33 25
24 36 29
24 38 33
24 40 34
24 42 24
24 43 41
24 44 36
24 45 47
24 46 48
25 0 50
25 2 14
25 3 14
25 4 41
25 5 45
25 6 37
25 7 35
25 8 10
25 9 1
25 10 40
25 11 36
25 12 1
25 13 27
25 14 13
25 16 15
25 17 9
25 18 45
25 19 20
25 21 6
25 22 37
25 23 35
25 24 16
25 25 0
25 26 11
25 27 33
25 28 8
25 29 27
25 30 2
25 32 14
25 33 39
25 36 34
25 37 31
25 38 20
25 40 28
25 41 2
25 43 19
25 44 30
25 45 43
25 46 44
25 49 14
26 0 14
26 2 2
26 3 11
26 4 42
26 5 32
26 6 41
26 7 5
26 8 37
26 10 5
26 12 34
26 14 15
26 15 2
26 18 39
26 20 35
26 23 26
26 24 17
26 26 0
26 27 7
26 28 46
26 30 4
26 31 41
26 32 6
26 33 49
26 34 41
26 36 17
26 37 14
26 39 9
26 40 19
26 41 36
26 42 6
26 44 45
26 46 42
26 47 36
26 48 49
26 49 32
27 0 1
27 2 43
27 3 50
27 4 2
27 5 15
27 6 23
27 7 12
27 8 43
27 9 41
27 10 10
27 11 9
27 14 48
27 15 45
27 17 1
27 19 4
27 21 6
27 22 25
27 24 18
27 25 4
27 27 0
27 29 37
27 30 45
27 31 9
27 32 9
27 33 49
27 36 31
27 38 8
27 39 1
27 40 30
27 42 4
27 43 8
27 44 26
27 49 27
28 1 36
28 3 24
28 5 38
28 7 11
28 8 43
28 9 1
28 10 1
28 12 7
28 13 39
28 15 2
28 16 19
28 17 24
28 18 15
28 19 33
28 20 8
28 21 30
28 23 31
28 24 8
28 25 38
28 27 11
28 28 0
28 30 42
28 31 26
28 32 16
28 33 34
28 34 9
28 35 24
28 36 11
28 37 40
28 38 45
28 39 13
28 40 44
28 41 1
28 42 21
28 43 29
28 44 50
28 45 38
28 46 42
28 49 5
29 1 15
29 2 32
29 6 50
29 7 7
29 8 19
29 9 6
29 10 2
29 11 12
29 15 18
29 16 30
29 17 30
29 18 38
29 19 48
29 20 46
29 21 25
29 23 35
29 26 27
29 27 43
29 28 8
29 29 0
29 30 12
29 33 32
29 34 11
29 35 45
29 36 18
29 37 34
29 38 33
29 39 4
29 44 31
29 45 42
29 47 36
29 48 24
29 49 3
30 0 10
30 1 26
30 3 14
30 4 3
30 5 7
30 6 42
30 7 25
30 8 7
30 9 12
30 10 39
30 11 3
30 12 49
30 14 39
30 15 1
30 16 35
30 17 39
30 18 36
30 19 25
30 21 7
30 23 48
30 24 13
30 25 11
30 27 33
30 28 2
30 29 22
30 30 0
30 31 5
30 32 40
30 33 40
30 34 33
30 35 23
30 36 37
30 37 20
30 38 19
30 39 8
30 40 26
30 41 16
30 44 28
30 47 46
30 48 32
31 2 14
31 3 30
31 4 29
31 6 49
31 7 45
31 9 5
31 10 48
31 11 40
31 13 10
31 14 5
31 15 29
31 16 6
31 17 1
31 19 49
31 20 39
31 21 7
31 22 5
31 24 49
31 26 21
31 29 27
31 31 0
31 32 22
31 33 39
31 35 17
31 36 42
31 38 23
31 39 27
31 40 50
31 43 9
31 44 39
31 46 27
31 48 40
31 49 23
32 0 43
32 1 7
32 2 23
32 3 50
32 4 37
32 6 10
32 7 3
32 9 9
32 10 9
32 11 32
32 12 29
32 14 9
32 17 40
32 18 5
32 19 16
32 20 8
32 21 36
32 23 15
32 24 6
32 26 34
32 27 49
32 28 1
32 29 17
32 30 50
32 31 22
32 32 0
32 33 4
32 34 22
32 35 44
32 36 28
32 38 37
32 39 48
32 40 18
32 41 29
32 44 9
32 45 17
32 46 10
32 47 10
32 48 36
32 49 31
33 0 3
33 3 14
33 4 25
33 7 45
33 10 18
33 11 40
33 12 3
33 13 44
33 15 5
33 19 3
33 20 38
33 22 7
33 25 28
33 26 5
33 27 47
33 29 12
33 31 3
33 33 0
33 34 3
33 35 4
33 36 12
33 37 1
33 39 4
33 40 41
33 41 35
33 42 11
33 44 38
33 46 28
33 47 14
33 48 25
33 49 5
34 1 40
34 2 15
34 3 26
34 4 3
34 7 31
34 8 47
34 9 11
34 10 1
34 12 41
34 13 47
34 15 13
34 16 26
34 17 49
34 18 11
34 19 33
34 22 3
34 23 37
34 25 18
34 26 37
34 28 31
34 30 26
34 31 8
34 32 21
34 33 36
34 34 0
34 35 34
34 36 15
34 37 3
34 39 27
34 40 28
34 42 17
34 43 5
34 44 22
34 45 45
34 47 6
34 48 1
35 0 24
35 1 8
35 2 44
35 3 1
35 4 29
35 6 48
35 7 45
35 9 12
35 10 49
35 11 28
35 13 22
35 14 38
35 15 31
35 16 37
35 17 14
35 18 37
35 22 17
35 23 30
35 25 11
35 26 35
35 27 36
35 31 46
35 33 39
35 35 0
35 36 19
35 37 48
35 39 13
35 40 32
35 41 18
35 42 39
35 43 38
35 45 50
35 46 21
35 47 28
35 48 47
35 49 11
36 0 49
36 1 33
36 2 4
36 4 3
36 5 6
36 7 37
36 8 11
36 9 29
36 10 34
36 11 23
36 12 38
36 13 8
36 14 47
36 15 48
36 17 48
36 18 34
36 21 1
36 22 43
36 25 42
36 27 39
36 28 34
36 30 8
36 31 27
36 33 42
36 34 21
36 35 9
36 36 0
36 38 9
36 39 41
36 40 46
36 41 19
36 42 48
36 43 26
36 44 4
36 47 9
36 48 34
37 1 21
37 3 23
37 5 31
37 6 31
37 7 32
37 8 50
37 9 14
37 12 13
37 13 5
37 15 34
37 16 29
37 17 46
37 18 1
37 19 17
37 21 39
37 23 19
37 24 30
37 26 1
37 30 38
37 32 36
37 33 9
37 37 0
37 38 8
37 39 32
37 42 37
37 43 40
37 47 7
38 1 31
38 2 5
38 4 47
38 5 40
38 10 16
38 11 31
38 12 23
38 14 4
38 16 34
38 17 7
38 18 45
38 19 3
38 20 2
38 24 23
38 26 30
38 27 35
38 28 42
38 29 10
38 30 25
38 31 3
38 32 38
38 33 17
38 36 12
38 37 44
38 38 0
38 40 48
38 41 44
38 43 18
38 46 49
38 47 9
38 48 44
39 0 18
39 1 17
39 2 38
39 3 23
39 4 42
39 5 24
39 6 43
39 7 6
39 8 33
39 9 14
39 11 18
39 14 16
39 17 42
39 20 39
39 21 32
39 23 41
39 24 48
39 26 42
39 27 17
39 28 37
39 29 46
39 31 15
39 32 2
39 33 39
39 34 38
39 35 19
39 36 24
39 37 46
39 39 0
39 40 26
39 42 47
39 44 6
39 45 4
39 46 32
39 47 40
39 48 42
39 49 42
40 0 31
40 2 9
40 3 2
40 5 28
40 6 16
40 7 34
40 8 40
40 9 40
40 10 21
40 11 45
40 13 26
40 15 5
40 17 46
40 19 20
40 20 28
40 22 6
40 23 8
40 24 17
40 25 32
40 26 30
40 28 26
40 30 23
40 31 17
40 32 12
40 33 2
40 36 41
40 37 19
40 39 50
40 40 0
40 41 22
40 42 6
40 43 17
40 44 2
40 45 26
40 48 31
40 49 26
41 1 23
41 2 19
41 3 12
41 4 27
41 7 21
41 8 47
41 10 47
41 12 14
41 14 41
41 15 43
41 19 26
41 21 1
41 22 2
41 23 9
41 24 5
41 25 13
41 26 33
41 27 48
41 29 44
41 31 9
41 32 38
41 33 49
41 35 49
41 38 9
41 39 29
41 40 50
41 41 0
41 43 37
41 44 28
41 45 16
41 47 15
42 1 21
42 2 42
42 4 40
42 5 41
42 6 44
42 9 2
42 10 9
42 11 6
42 13 23
42 15 40
42 16 47
42 17 27
42 20 40
42 21 11
42 22 6
42 24 48
42 25 34
42 28 8
42 30 12
42 32 3
42 33 25
42 34 31
42 35 44
42 36 16
42 37 3
42 38 4
42 39 47
42 41 48
42 42 0
42 43 47
42 44 30
42 45 7
42 47 18
42 48 23
42 49 38
43 0 28
43 1 22
43 4 47
43 5 31
43 6 1
43 7 39
43 8 41
43 9 47
43 10 31
43 11 17
43 12 47
43 13 43
43 15 15
43 16 41
43 17 31
43 18 15
43 19 5
43 21 23
43 22 38
43 23 48
43 26 11
43 28 43
43 30 25
43 33 26
43 34 34
43 39 39
43 40 31
43 41 39
43 42 33
43 43 0
43 45 33
43 46 49
43 47 14
43 48 48
43 49 33
44 0 35
44 1 22
44 4 39
44 5 27
44 6 6
44 7 4
44 8 33
44 10 37
44 11 21
44 13 24
44 14 15
44 15 33
44 16 49
44 17 8
44 18 9
44 20 28
44 21 26
44 23 41
44 26 36
44 27 23
44 28 32
44 29 6
44 30 26
44 32 40
44 34 5
44 35 11
44 36 2
44 37 42
44 38 48
44 39 14
44 41 7
44 43 3
44 44 0
44 45 46
44 46 24
44 48 29
45 0 9
45 1 23
45 2 31
45 3 47
45 4 41
45 5 14
45 6 38
45 9 34
45 10 8
45 11 44
45 14 36
45 15 19
45 16 28
45 17 24
45 18 31
45 19 18
45 21 17
45 22 16
45 24 50
45 25 30
45 26 7
45 30 48
45 31 27
45 32 12
45 36 4
45 37 44
45 38 26
45 40 2
45 44 25
45 45 0
45 46 48
45 47 24
45 49 28
46 1 27
46 2 47
46 3 6
46 5 11
46 6 28
46 7 26
46 8 15
46 9 16
46 10 16
46 12 10
46 13 3
46 14 2
46 16 21
46 17 32
46 18 33
46 20 47
46 21 13
46 22 44
46 23 50
46 24 17
46 25 48
46 27 14
46 28 5
46 29 32
46 31 41
46 33 3
46 34 38
46 35 16
46 36 12
46 38 47
46 40 40
46 41 43
46 42 30
46 43 21
46 44 42
46 45 8
46 46 0
46 47 38
46 48 50
46 49 31
47 0 22
47 1 29
47 2 21
47 3 32
47 4 1
47 8 21
47 9 38
47 10 10
47 11 17
47 12 40
47 15 41
47 16 38
47 17 26
47 18 3
47 21 33
47 22 45
47 24 47
47 25 40
47 26 15
47 31 26
47 32 17
47 33 31
47 34 22
47 36 5
47 38 8
47 40 23
47 41 26
47 44 14
47 45 37
47 46 25
47 47 0
47 49 34
48 0 9
48 1 18
48 2 43
48 3 29
48 5 23
48 6 31
48 7 32
48 8 17
48 9 43
48 10 21
48 11 39
48 12 17
48 14 43
48 15 23
48 16 23
48 17 39
48 18 7
48 19 42
48 20 1
48 24 19
48 25 46
48 26 9
48 27 29
48 28 48
48 30 16
48 31 6
48 33 30
48 34 2
48 36 46
48 37 11
48 38 7
48 40 18
48 41 8
48 42 42
48 44 50
48 45 1
48 46 41
48 48 0
48 49 6
49 3 35
49 5 48
49 7 18
49 8 25
49 9 2
49 10 41
49 11 42
49 12 29
49 13 2
49 15 4
49 17 23
49 18 37
49 19 15
49 21 1
49 22 21
49 23 33
49 24 15
49 25 36
49 26 24
49 27 30
49 28 12
49 30 8
49 33 17
49 34 29
49 35 42
49 36 26
49 37 20
49 39 25
49 43 20
49 44 20
49 45 5
49 46 41
49 47 2
49 48 8
49 49 0
